Descriptive & Statistic analysis for file: harth/S006.csv

              back_x         back_y         back_z        thigh_x        thigh_y        thigh_z          label
count  408709.000000  408709.000000  408709.000000  408709.000000  408709.000000  408709.000000  408709.000000
mean       -0.802201      -0.000687      -0.274718      -0.370317       0.143471       0.617527      10.190187
std         0.238347       0.189062       0.441805       0.506666       0.213864       0.536430      20.328336
min        -3.542889      -3.016498      -1.024363      -6.844045      -5.757406      -4.884791       1.000000
25%        -0.983647       0.001063      -0.702338      -0.952840       0.022534       0.144114       6.000000
50%        -0.937195       0.033240      -0.277446      -0.277711       0.086248       0.924066       7.000000
75%        -0.654541       0.074822       0.064811       0.068999       0.246292       1.001372       7.000000
max         0.952109       2.569339       1.628023       3.898547       4.602909       5.391660     130.000000

         back_x              back_y              back_z             thigh_x             thigh_y             thigh_z          
           mean       std      mean       std      mean       std      mean       std      mean       std      mean       std
label                                                                                                                        
1     -0.962142  0.201048  0.059164  0.191767  0.125147  0.215880 -0.996300  0.429596  0.067966  0.355018 -0.061274  0.476498
3     -0.951023  0.113803  0.057644  0.179898  0.128982  0.196244 -0.970786  0.129757  0.032881  0.166528 -0.067638  0.265298
4     -0.919243  0.268473  0.044456  0.132787  0.296946  0.230993 -1.020068  0.472813  0.162794  0.270144  0.065840  0.434141
5     -0.991954  0.325386  0.071142  0.189997  0.034076  0.127817 -1.021623  0.404997  0.120503  0.352460  0.035632  0.427768
6     -0.977789  0.047611  0.073078  0.102476  0.087688  0.122390 -0.965711  0.086667  0.035764  0.086067 -0.181586  0.169005
7     -0.749159  0.222532  0.007224  0.081035 -0.530940  0.312454 -0.063956  0.202633  0.147187  0.116023  0.963978  0.063634
8     -0.250898  0.075106 -0.774121  0.362818 -0.418039  0.121126  0.174696  0.105661  0.820178  0.372453  0.382741  0.081395
13    -0.908667  0.151821  0.028834  0.140355  0.389132  0.141663 -0.927779  0.560745  0.158327  0.254858  0.471151  0.710027
14    -0.827887  0.257419  0.029252  0.274591  0.506614  0.234520 -1.012437  0.583835  0.106844  0.261152  0.279975  0.569717
130   -0.849233  0.174900  0.018874  0.099197  0.484965  0.164470 -0.922322  0.386734  0.145592  0.184752  0.392490  0.518307

